0.0 0.0
0.000175 0.0
0.000525 0.0
0.000875 0.0
0.001225 2.5020016012810247e-05
0.001575 0.0005004003202562049
0.001925 0.0011509207365892715
0.0022749999999999997 0.002126701361088871
0.0026249999999999997 0.0029773819055244196
0.0029749999999999998 0.004703763010408327
0.003325 0.006280024019215373
0.003675 0.00910728582866293
0.004025 0.012635108086469175
0.0043749999999999995 0.01716373098478783
0.004725 0.01994095276220977
0.005075 0.023743995196156924
0.005425 0.026846477181745397
0.005775 0.02814751801441153
0.006124999999999999 0.028848078462770217
0.006475 0.02824759807846277
0.0068249999999999995 0.029848879103282627
0.007175 0.031099879903923138
0.007525 0.030149119295436348
0.007875 0.028322658126501202
0.008225 0.029548638911128904
0.008575 0.028597878302642113
0.008925 0.026296036829463573
0.009275 0.02697157726180945
0.009625 0.026346076861489192
0.009975 0.02517013610888711
0.010324999999999999 0.01931545236188951
0.010675 0.01833967173738991
0.011025 0.01706365092073659
0.011375 0.01821457165732586
0.011725 0.015737590072057647
0.012074999999999999 0.014561649319455564
0.012425 0.013485788630904725
0.012775 0.013435748598879103
0.013125 0.01508706965572458
0.013474999999999999 0.012735188150520417
0.013824999999999999 0.014311449159327461
0.014175000000000002 0.01298538831064852
0.014525000000000001 0.01205964771817454
0.014875000000000001 0.01108386709367494
0.015225 0.01210968775020016
0.015575 0.01208466773418735
0.015924999999999998 0.01118394715772618
0.016274999999999998 0.011584267413931145
0.016625 0.01018314651721377
0.016974999999999997 0.010658526821457166
0.017325 0.01008306645316253
0.017675 0.00898218574859888
0.018025 0.008706965572457967
0.018375 0.009232385908726982
0.018725 0.009332465972778222
0.019074999999999998 0.009232385908726982
0.019425 0.008006405124099279
0.019774999999999997 0.007931345076060848
0.020125 0.00798138510808647
0.020474999999999997 0.008431745396317053
0.020825 0.007831265012009607
0.021175000000000003 0.006655324259407526
0.021525 0.006755404323458767
0.021875000000000002 0.0068054443554843875
0.022224999999999998 0.006255004003202562
0.022575 0.005379303442754203
0.022925 0.005954763811048839
0.023275 0.005604483586869495
0.023625 0.005854683746997598
0.023975 0.005329263410728583
0.024325 0.004928943154523619
0.024675000000000002 0.004778823058446758
0.025025 0.0043534827862289835
0.025375 0.004878903122497998
0.025724999999999998 0.00407826261008807
0.026075 0.00402822257806245
0.026425 0.004178342674139311
0.026775 0.003527822257806245
0.027125 0.003502802241793435
0.027475 0.0038030424339471577
0.027825 0.002602081665332266
0.028175000000000002 0.002602081665332266
0.028525 0.0026771417133706964
0.028875 0.002727181745396317
0.029224999999999998 0.00305244195356285
0.029575 0.002727181745396317
0.029924999999999997 0.0019015212169735788
0.030275 0.0023769015212169735
0.030625 0.0027522017614091273
0.030975 0.0017514011208967174
0.031325 0.0017013610888710969
0.031674999999999995 0.0015512409927942354
0.032025 0.0015512409927942354
0.032374999999999994 0.001326060848678943
0.032725 0.0012760208166533228
0.03307499999999999 0.0012009607686148918
0.033424999999999996 0.0007756204963971177
0.03377499999999999 0.0007756204963971177
0.034124999999999996 0.0004753803042433947
0.03447499999999999 0.0004253402722177742
