0.0 0.0
0.000175 0.0
0.000525 0.0
0.000875 0.008071400853705859
0.001225 0.05479239425688785
0.001575 0.07015909972836631
0.001925 0.07753201396973225
0.0022749999999999997 0.07380675203725262
0.0026249999999999997 0.0679860302677532
0.0029749999999999998 0.061389212262320525
0.003325 0.051377570818781526
0.003675 0.043771827706635624
0.004025 0.03911525029103609
0.0043749999999999995 0.036709351959643
0.004725 0.036709351959643
0.005075 0.02980209545983702
0.005425 0.024912689173457507
0.005775 0.025611175785797437
0.006124999999999999 0.020799379123011254
0.006475 0.02227396197128444
0.0068249999999999995 0.01909196740395809
0.007175 0.017927823050058207
0.007525 0.013581684128831975
0.007875 0.016375630578191695
0.008225 0.013814512999611952
0.008575 0.013969732246798603
0.008925 0.012805587892898719
0.009275 0.009934031819945673
0.009625 0.010089251067132324
0.009975 0.007838571982925882
0.010324999999999999 0.008847497089639115
0.010675 0.008537058595265812
0.011025 0.00822662010089251
0.011375 0.007683352735739232
0.011725 0.00543267365153279
0.012074999999999999 0.005122235157159488
0.012425 0.005975941016686069
0.012775 0.005122235157159488
0.013125 0.0055878928987194414
0.013474999999999999 0.004656577415599534
0.013824999999999999 0.003958090803259604
0.014175000000000002 0.004113310050446255
0.014525000000000001 0.0034924330616996507
0.014875000000000001 0.0031043849437330227
0.015225 0.0026387272021730695
0.015575 0.0022506790842064415
0.015924999999999998 0.0033372138145129995
0.016274999999999998 0.0020954598370197903
0.016625 0.0028715560729530463
0.016974999999999997 0.0024835079549864183
0.017325 0.0018626309662398137
0.017675 0.001474582848273186
0.018025 0.0015521924718665113
0.018375 0.0013193636010865348
0.018725 0.0017074117190531625
0.019074999999999998 0.0015521924718665113
0.019425 0.0011641443538998836
0.019774999999999997 0.001474582848273186
0.020125 0.0011641443538998836
0.020474999999999997 0.0010089251067132324
0.020825 0.0010089251067132324
0.021175000000000003 0.0007760962359332557
0.021525 0.0007760962359332557
0.021875000000000002 0.0006984866123399302
0.022224999999999998 0.0009313154831199069
0.022575 0.0006208769887466046
0.022925 0.0003104384943733023
0.023275 0.00038804811796662784
0.023625 0.0003104384943733023
0.023975 0.00038804811796662784
0.024325 0.00046565774155995343
0.024675000000000002 0.0003104384943733023
0.025025 0.00023282887077997672
0.025375 0.00038804811796662784
0.025724999999999998 0.00015521924718665114
0.026075 0.00015521924718665114
0.026425 0.0003104384943733023
0.026775 0.00015521924718665114
0.027125 0.00023282887077997672
0.027475 7.760962359332557e-05
0.027825 0.00015521924718665114
0.028175000000000002 0.00015521924718665114
0.028525 7.760962359332557e-05
0.028875 0.00015521924718665114
0.029224999999999998 7.760962359332557e-05
0.029575 0.0
0.029924999999999997 0.0
0.030275 7.760962359332557e-05
0.030625 7.760962359332557e-05
0.030975 7.760962359332557e-05
0.031325 0.0
0.031674999999999995 0.0
0.032025 0.00015521924718665114
0.032374999999999994 0.0
0.032725 7.760962359332557e-05
0.03307499999999999 7.760962359332557e-05
0.033424999999999996 0.0
0.03377499999999999 0.0
0.034124999999999996 7.760962359332557e-05
0.03447499999999999 0.0